------Generation 1 ------
Selection
Crossover
Mutation
Replacement
Fittest individual: 0.00004121348133845265
Path length: 24263.905099106214
Fittest route: [40, 16, 34, 3, 12, 26, 23, 44, 52, 47, 39, 8, 10, 33, 36, 2, 7, 21, 49, 17, 18, 50, 28, 35, 4, 27, 13, 5, 38, 31, 20, 42, 30, 32, 6, 48, 41, 29, 43, 1, 45, 19, 14, 22, 24, 9, 25, 15, 37, 46, 11, 51]
------Generation 2 ------
Selection
Crossover
Mutation
Replacement
Fittest individual: 0.00004290112651497724
Path length: 23309.411226087253
Fittest route: [20, 25, 52, 13, 11, 34, 48, 39, 19, 50, 47, 14, 27, 26, 51, 28, 7, 41, 18, 32, 23, 33, 17, 4, 29, 21, 3, 42, 31, 2, 8, 40, 5, 36, 44, 38, 35, 15, 1, 45, 12, 30, 49, 9, 43, 37, 16, 46, 6, 24, 22, 10]
------Generation 3 ------
Selection
Crossover
Mutation
Replacement
Fittest individual: 0.00004316710150865055
Path length: 23165.789804061857
Fittest route: [35, 6, 30, 29, 40, 16, 37, 25, 13, 47, 28, 26, 39, 48, 27, 34, 50, 4, 23, 49, 3, 2, 7, 42, 41, 32, 10, 45, 43, 9, 1, 18, 52, 12, 21, 31, 17, 19, 51, 11, 15, 8, 5, 44, 46, 24, 22, 36, 14, 38, 33, 20]
------Generation 4 ------
Selection
Crossover
Mutation
Replacement
Fittest individual: 0.000043990107684346436
Path length: 22732.38354349023
Fittest route: [35, 6, 30, 29, 40, 16, 37, 25, 13, 47, 28, 26, 39, 48, 27, 34, 50, 4, 23, 49, 3, 20, 1, 32, 2, 7, 42, 41, 10, 45, 43, 9, 18, 52, 12, 21, 31, 17, 19, 51, 11, 15, 8, 5, 44, 46, 24, 22, 36, 14, 38, 33]
------Generation 5 ------
Selection
Crossover
Mutation
Replacement
Fittest individual: 0.00004514841423090161
Path length: 22149.1721699398
Fittest route: [25, 52, 13, 11, 34, 48, 39, 19, 50, 47, 14, 27, 26, 51, 28, 7, 41, 18, 32, 23, 33, 17, 4, 29, 21, 3, 2, 20, 42, 31, 8, 40, 5, 36, 44, 38, 35, 15, 1, 12, 30, 49, 37, 16, 46, 6, 24, 22, 45, 9, 43, 10]
------Generation 6 ------
Selection
Crossover
Mutation
Replacement
Fittest individual: 0.00004530232553087687
Path length: 22073.9219958681
Fittest route: [48, 16, 26, 47, 40, 34, 18, 6, 15, 4, 5, 25, 28, 33, 39, 27, 35, 46, 37, 24, 36, 22, 23, 50, 21, 29, 3, 31, 7, 42, 2, 44, 30, 12, 19, 32, 11, 8, 45, 10, 9, 43, 51, 52, 13, 38, 1, 14, 41, 17, 49, 20]
------Generation 7 ------
Selection
Crossover
Mutation
Replacement
Fittest individual: 0.000046975112788169256
Path length: 21287.86799319514
Fittest route: [35, 6, 30, 7, 29, 40, 16, 37, 28, 26, 14, 13, 44, 39, 48, 27, 34, 3, 23, 49, 41, 32, 10, 45, 43, 9, 1, 18, 20, 47, 25, 46, 52, 33, 12, 31, 17, 2, 42, 21, 19, 51, 11, 15, 8, 5, 4, 24, 22, 50, 36, 38]
------Generation 8 ------
Selection
Crossover
Mutation
Replacement
Fittest individual: 0.00004761666727582946
Path length: 21001.04978383497
Fittest route: [16, 26, 47, 40, 34, 18, 6, 15, 4, 36, 22, 42, 39, 48, 37, 5, 25, 28, 33, 27, 46, 24, 23, 50, 21, 29, 3, 31, 7, 2, 19, 32, 11, 44, 38, 35, 8, 45, 10, 9, 43, 51, 52, 13, 14, 41, 17, 12, 1, 30, 49, 20]
------Generation 9 ------
Selection
Crossover
Mutation
Replacement
Fittest individual: 0.00005045902104290043
Path length: 19818.061851612154
Fittest route: [20, 25, 51, 14, 12, 52, 13, 11, 34, 48, 39, 19, 50, 47, 27, 26, 28, 41, 18, 32, 23, 33, 17, 2, 7, 42, 29, 21, 3, 31, 8, 40, 36, 44, 38, 35, 15, 1, 30, 49, 9, 43, 37, 5, 4, 45, 16, 46, 6, 24, 22, 10]
------Generation 10 ------
Selection
Crossover
Mutation
Replacement
Fittest individual: 0.00005045902104290043
Path length: 19818.061851612154
Fittest route: [20, 25, 51, 14, 12, 52, 13, 11, 34, 48, 39, 19, 50, 47, 27, 26, 28, 41, 18, 32, 23, 33, 17, 2, 7, 42, 29, 21, 3, 31, 8, 40, 36, 44, 38, 35, 15, 1, 30, 49, 9, 43, 37, 5, 4, 45, 16, 46, 6, 24, 22, 10]
------Generation 11 ------
Selection
Crossover
Mutation
Replacement
Fittest individual: 0.00005045902104290043
Path length: 19818.061851612154
Fittest route: [20, 25, 51, 14, 12, 52, 13, 11, 34, 48, 39, 19, 50, 47, 27, 26, 28, 41, 18, 32, 23, 33, 17, 2, 7, 42, 29, 21, 3, 31, 8, 40, 36, 44, 38, 35, 15, 1, 30, 49, 9, 43, 37, 5, 4, 45, 16, 46, 6, 24, 22, 10]
------Generation 12 ------
Selection
Crossover
Mutation
Replacement
Fittest individual: 0.00005107054484530777
Path length: 19580.758400541665
Fittest route: [20, 25, 14, 12, 52, 13, 11, 34, 48, 39, 19, 50, 47, 27, 26, 18, 51, 28, 41, 10, 33, 15, 32, 23, 17, 2, 7, 42, 29, 21, 3, 8, 40, 44, 35, 31, 36, 38, 1, 30, 49, 9, 43, 37, 5, 4, 45, 16, 46, 6, 24, 22]
------Generation 13 ------
Selection
Crossover
Mutation
Replacement
Fittest individual: 0.00005321636832822471
Path length: 18791.210888955447
Fittest route: [20, 25, 14, 12, 52, 13, 11, 34, 48, 39, 19, 50, 47, 27, 26, 51, 28, 41, 23, 18, 8, 10, 33, 15, 32, 17, 2, 7, 42, 29, 21, 3, 40, 44, 35, 31, 36, 38, 1, 30, 49, 9, 43, 37, 5, 4, 45, 16, 46, 6, 24, 22]
------Generation 14 ------
Selection
Crossover
Mutation
Replacement
Fittest individual: 0.000053436593392329456
Path length: 18713.767785645272
Fittest route: [25, 52, 13, 11, 33, 51, 14, 12, 43, 8, 10, 9, 19, 41, 17, 5, 18, 32, 23, 35, 46, 37, 15, 44, 27, 26, 47, 2, 7, 49, 29, 21, 3, 4, 24, 48, 28, 30, 42, 1, 16, 40, 22, 20, 45, 6, 38, 31, 50, 34, 36, 39]
------Generation 15 ------
Selection
Crossover
Mutation
Replacement
Fittest individual: 0.00005605539763127131
Path length: 17839.495253926012
Fittest route: [20, 25, 14, 52, 13, 11, 12, 34, 48, 39, 19, 50, 47, 27, 26, 51, 28, 41, 23, 18, 8, 10, 33, 15, 32, 17, 2, 7, 42, 29, 21, 3, 40, 44, 35, 31, 36, 38, 1, 30, 49, 9, 43, 37, 5, 4, 45, 16, 46, 6, 24, 22]
------Generation 16 ------
Selection
Crossover
Mutation
Replacement
Fittest individual: 0.00005605539763127131
Path length: 17839.495253926012
Fittest route: [20, 25, 14, 52, 13, 11, 12, 34, 48, 39, 19, 50, 47, 27, 26, 51, 28, 41, 23, 18, 8, 10, 33, 15, 32, 17, 2, 7, 42, 29, 21, 3, 40, 44, 35, 31, 36, 38, 1, 30, 49, 9, 43, 37, 5, 4, 45, 16, 46, 6, 24, 22]
------Generation 17 ------
Selection
Crossover
Mutation
Replacement
Fittest individual: 0.00005799010312150186
Path length: 17244.321809616078
Fittest route: [20, 25, 51, 14, 12, 52, 13, 11, 43, 8, 10, 9, 19, 34, 48, 39, 50, 47, 27, 26, 28, 41, 32, 45, 18, 23, 17, 2, 7, 42, 29, 21, 3, 40, 35, 15, 36, 44, 38, 31, 1, 30, 49, 33, 37, 16, 5, 4, 46, 6, 24, 22]
------Generation 18 ------
Selection
Crossover
Mutation
Replacement
Fittest individual: 0.00005883318251941972
Path length: 16997.210709618146
Fittest route: [20, 25, 51, 14, 12, 52, 13, 11, 43, 8, 19, 34, 48, 39, 50, 47, 27, 26, 28, 41, 32, 18, 23, 17, 2, 7, 42, 29, 21, 3, 40, 35, 15, 36, 44, 38, 31, 1, 30, 49, 45, 10, 9, 33, 37, 16, 5, 4, 46, 6, 24, 22]
------Generation 19 ------
Selection
Crossover
Mutation
Replacement
Fittest individual: 0.000059159978984964486
Path length: 16903.319053817617
Fittest route: [20, 25, 51, 14, 12, 52, 13, 11, 43, 8, 10, 9, 19, 34, 48, 39, 50, 47, 27, 26, 28, 41, 32, 45, 18, 23, 17, 2, 7, 42, 29, 21, 3, 36, 44, 35, 40, 15, 38, 31, 1, 30, 49, 33, 37, 16, 5, 4, 46, 6, 24, 22]
------Generation 20 ------
Selection
Crossover
Mutation
Replacement
Fittest individual: 0.00006057929549523047
Path length: 16507.29002087408
Fittest route: [20, 25, 51, 14, 52, 13, 11, 43, 8, 10, 9, 19, 34, 48, 39, 50, 47, 27, 26, 28, 41, 32, 45, 18, 23, 17, 2, 7, 42, 29, 21, 3, 36, 44, 35, 40, 15, 12, 38, 1, 31, 30, 49, 33, 37, 16, 5, 4, 46, 6, 24, 22]
------Generation 21 ------
Selection
Crossover
Mutation
Replacement
Fittest individual: 0.00006193728172106295
Path length: 16145.364669110608
Fittest route: [20, 25, 51, 52, 13, 14, 11, 12, 8, 10, 9, 19, 34, 48, 39, 50, 47, 27, 26, 28, 41, 45, 43, 33, 18, 32, 23, 17, 21, 3, 2, 7, 42, 29, 40, 35, 15, 36, 44, 38, 31, 1, 30, 49, 37, 5, 4, 16, 46, 6, 24, 22]
------Generation 22 ------
Selection
Crossover
Mutation
Replacement
Fittest individual: 0.00006193728172106295
Path length: 16145.364669110608
Fittest route: [20, 25, 51, 52, 13, 14, 11, 12, 8, 10, 9, 19, 34, 48, 39, 50, 47, 27, 26, 28, 41, 45, 43, 33, 18, 32, 23, 17, 21, 3, 2, 7, 42, 29, 40, 35, 15, 36, 44, 38, 31, 1, 30, 49, 37, 5, 4, 16, 46, 6, 24, 22]
------Generation 23 ------
Selection
Crossover
Mutation
Replacement
Fittest individual: 0.00006253563286128296
Path length: 15990.883185242692
Fittest route: [20, 25, 12, 51, 14, 52, 13, 11, 43, 8, 10, 9, 19, 34, 48, 39, 50, 47, 27, 26, 28, 41, 32, 45, 18, 23, 17, 2, 7, 42, 29, 21, 3, 36, 44, 35, 40, 15, 38, 31, 1, 30, 49, 33, 37, 16, 5, 4, 46, 6, 24, 22]
------Generation 24 ------
Selection
Crossover
Mutation
Replacement
Fittest individual: 0.00006538162626458422
Path length: 15294.81686419412
Fittest route: [20, 25, 51, 52, 13, 14, 11, 12, 8, 10, 9, 19, 34, 48, 39, 50, 47, 27, 26, 28, 41, 45, 43, 33, 18, 32, 23, 21, 30, 31, 17, 3, 2, 7, 42, 29, 40, 35, 15, 36, 44, 38, 1, 49, 37, 5, 4, 6, 24, 22, 16, 46]
------Generation 25 ------
Selection
Crossover
Mutation
Replacement
Fittest individual: 0.00006538162626458422
Path length: 15294.81686419412
Fittest route: [20, 25, 51, 52, 13, 14, 11, 12, 8, 10, 9, 19, 34, 48, 39, 50, 47, 27, 26, 28, 41, 45, 43, 33, 18, 32, 23, 21, 30, 31, 17, 3, 2, 7, 42, 29, 40, 35, 15, 36, 44, 38, 1, 49, 37, 5, 4, 6, 24, 22, 16, 46]
------Generation 26 ------
Selection
Crossover
Mutation
Replacement
Fittest individual: 0.00006560499369647033
Path length: 15242.742109337356
Fittest route: [20, 25, 14, 52, 13, 11, 12, 51, 43, 8, 10, 9, 19, 34, 48, 39, 50, 47, 27, 26, 28, 32, 18, 17, 2, 7, 42, 29, 21, 30, 23, 31, 3, 40, 15, 36, 44, 38, 1, 35, 49, 45, 33, 37, 5, 4, 6, 41, 24, 16, 46, 22]
------Generation 27 ------
Selection
Crossover
Mutation
Replacement
Fittest individual: 0.00006560499369647033
Path length: 15242.742109337356
Fittest route: [20, 25, 14, 52, 13, 11, 12, 51, 43, 8, 10, 9, 19, 34, 48, 39, 50, 47, 27, 26, 28, 32, 18, 17, 2, 7, 42, 29, 21, 30, 23, 31, 3, 40, 15, 36, 44, 38, 1, 35, 49, 45, 33, 37, 5, 4, 6, 41, 24, 16, 46, 22]
------Generation 28 ------
Selection
Crossover
Mutation
Replacement
Fittest individual: 0.00006560499369647033
Path length: 15242.742109337356
Fittest route: [20, 25, 14, 52, 13, 11, 12, 51, 43, 8, 10, 9, 19, 34, 48, 39, 50, 47, 27, 26, 28, 32, 18, 17, 2, 7, 42, 29, 21, 30, 23, 31, 3, 40, 15, 36, 44, 38, 1, 35, 49, 45, 33, 37, 5, 4, 6, 41, 24, 16, 46, 22]
------Generation 29 ------
Selection
Crossover
Mutation
Replacement
Fittest individual: 0.00006560499369647033
Path length: 15242.742109337356
Fittest route: [20, 25, 14, 52, 13, 11, 12, 51, 43, 8, 10, 9, 19, 34, 48, 39, 50, 47, 27, 26, 28, 32, 18, 17, 2, 7, 42, 29, 21, 30, 23, 31, 3, 40, 15, 36, 44, 38, 1, 35, 49, 45, 33, 37, 5, 4, 6, 41, 24, 16, 46, 22]
------Generation 30 ------
Selection
Crossover
Mutation
Replacement
Fittest individual: 0.00006586723208490592
Path length: 15182.055907722879
Fittest route: [20, 25, 51, 12, 52, 13, 14, 11, 10, 9, 19, 34, 48, 39, 50, 47, 27, 26, 28, 43, 33, 41, 32, 45, 8, 3, 30, 23, 31, 17, 18, 2, 7, 42, 29, 21, 1, 40, 15, 36, 44, 38, 49, 35, 16, 37, 5, 4, 46, 6, 24, 22]
------Generation 31 ------
Selection
Crossover
Mutation
Replacement
Fittest individual: 0.00006764680367807963
Path length: 14782.66445165452
Fittest route: [20, 25, 14, 52, 13, 11, 12, 51, 43, 10, 9, 8, 19, 41, 34, 48, 39, 50, 47, 27, 26, 28, 32, 18, 17, 2, 7, 42, 29, 21, 30, 23, 3, 40, 15, 36, 44, 35, 49, 45, 38, 31, 1, 33, 37, 5, 4, 6, 24, 16, 46, 22]
------Generation 32 ------
Selection
Crossover
Mutation
Replacement
Fittest individual: 0.00006871450389021015
Path length: 14552.968345631489
Fittest route: [20, 25, 14, 52, 13, 11, 12, 51, 43, 10, 9, 8, 19, 41, 34, 48, 39, 50, 47, 27, 26, 28, 32, 18, 17, 2, 7, 42, 29, 21, 30, 23, 3, 40, 44, 36, 15, 38, 35, 49, 45, 31, 1, 33, 37, 5, 4, 6, 24, 16, 46, 22]
------Generation 33 ------
Selection
Crossover
Mutation
Replacement
Fittest individual: 0.00006871450389021015
Path length: 14552.968345631489
Fittest route: [20, 25, 14, 52, 13, 11, 12, 51, 43, 10, 9, 8, 19, 41, 34, 48, 39, 50, 47, 27, 26, 28, 32, 18, 17, 2, 7, 42, 29, 21, 30, 23, 3, 40, 44, 36, 15, 38, 35, 49, 45, 31, 1, 33, 37, 5, 4, 6, 24, 16, 46, 22]
------Generation 34 ------
Selection
Crossover
Mutation
Replacement
Fittest individual: 0.00006871450389021015
Path length: 14552.968345631489
Fittest route: [20, 25, 14, 52, 13, 11, 12, 51, 43, 10, 9, 8, 19, 41, 34, 48, 39, 50, 47, 27, 26, 28, 32, 18, 17, 2, 7, 42, 29, 21, 30, 23, 3, 40, 44, 36, 15, 38, 35, 49, 45, 31, 1, 33, 37, 5, 4, 6, 24, 16, 46, 22]
------Generation 35 ------
Selection
Crossover
Mutation
Replacement
Fittest individual: 0.00007247975459486384
Path length: 13796.956206455801
Fittest route: [25, 51, 11, 14, 52, 13, 12, 33, 43, 8, 10, 9, 19, 41, 18, 32, 46, 27, 26, 47, 29, 20, 17, 21, 2, 7, 42, 30, 23, 3, 31, 38, 24, 48, 28, 15, 44, 35, 40, 36, 16, 1, 49, 22, 37, 5, 4, 45, 6, 50, 34, 39]
------Generation 36 ------
Selection
Crossover
Mutation
Replacement
Fittest individual: 0.00007247975459486384
Path length: 13796.956206455801
Fittest route: [25, 51, 11, 14, 52, 13, 12, 33, 43, 8, 10, 9, 19, 41, 18, 32, 46, 27, 26, 47, 29, 20, 17, 21, 2, 7, 42, 30, 23, 3, 31, 38, 24, 48, 28, 15, 44, 35, 40, 36, 16, 1, 49, 22, 37, 5, 4, 45, 6, 50, 34, 39]
------Generation 37 ------
Selection
Crossover
Mutation
Replacement
Fittest individual: 0.00007247975459486384
Path length: 13796.956206455801
Fittest route: [25, 51, 11, 14, 52, 13, 12, 33, 43, 8, 10, 9, 19, 41, 18, 32, 46, 27, 26, 47, 29, 20, 17, 21, 2, 7, 42, 30, 23, 3, 31, 38, 24, 48, 28, 15, 44, 35, 40, 36, 16, 1, 49, 22, 37, 5, 4, 45, 6, 50, 34, 39]
------Generation 38 ------
Selection
Crossover
Mutation
Replacement
Fittest individual: 0.00007424260761177224
Path length: 13469.354487509077
Fittest route: [20, 25, 14, 52, 13, 11, 12, 51, 33, 43, 10, 8, 9, 19, 41, 34, 48, 39, 50, 47, 27, 26, 28, 32, 18, 17, 2, 7, 42, 29, 30, 23, 31, 21, 3, 40, 44, 36, 15, 38, 35, 49, 45, 1, 37, 5, 4, 6, 24, 16, 46, 22]
------Generation 39 ------
Selection
Crossover
Mutation
Replacement
Fittest individual: 0.00007424260761177224
Path length: 13469.354487509077
Fittest route: [20, 25, 14, 52, 13, 11, 12, 51, 33, 43, 10, 8, 9, 19, 41, 34, 48, 39, 50, 47, 27, 26, 28, 32, 18, 17, 2, 7, 42, 29, 30, 23, 31, 21, 3, 40, 44, 36, 15, 38, 35, 49, 45, 1, 37, 5, 4, 6, 24, 16, 46, 22]
------Generation 40 ------
Selection
Crossover
Mutation
Replacement
Fittest individual: 0.00007424260761177224
Path length: 13469.354487509077
Fittest route: [20, 25, 14, 52, 13, 11, 12, 51, 33, 43, 10, 8, 9, 19, 41, 34, 48, 39, 50, 47, 27, 26, 28, 32, 18, 17, 2, 7, 42, 29, 30, 23, 31, 21, 3, 40, 44, 36, 15, 38, 35, 49, 45, 1, 37, 5, 4, 6, 24, 16, 46, 22]
------Generation 41 ------
Selection
Crossover
Mutation
Replacement
Fittest individual: 0.00007451847056639132
Path length: 13419.491736737433
Fittest route: [25, 51, 11, 14, 52, 13, 12, 33, 43, 8, 10, 9, 19, 41, 18, 32, 23, 47, 27, 26, 28, 29, 30, 20, 2, 7, 42, 17, 21, 3, 31, 38, 24, 48, 15, 44, 35, 40, 16, 36, 1, 49, 22, 37, 5, 4, 45, 50, 34, 46, 6, 39]
------Generation 42 ------
Selection
Crossover
Mutation
Replacement
Fittest individual: 0.00007557402701408012
Path length: 13232.05920750645
Fittest route: [25, 51, 11, 14, 52, 13, 12, 33, 43, 8, 10, 9, 19, 41, 34, 48, 39, 46, 26, 47, 28, 27, 29, 32, 45, 18, 2, 7, 42, 30, 20, 23, 31, 17, 21, 3, 38, 24, 15, 44, 35, 40, 36, 16, 1, 49, 22, 37, 5, 4, 6, 50]
------Generation 43 ------
Selection
Crossover
Mutation
Replacement
Fittest individual: 0.00007557402701408012
Path length: 13232.05920750645
Fittest route: [25, 51, 11, 14, 52, 13, 12, 33, 43, 8, 10, 9, 19, 41, 34, 48, 39, 46, 26, 47, 28, 27, 29, 32, 45, 18, 2, 7, 42, 30, 20, 23, 31, 17, 21, 3, 38, 24, 15, 44, 35, 40, 36, 16, 1, 49, 22, 37, 5, 4, 6, 50]
------Generation 44 ------
Selection
Crossover
Mutation
Replacement
Fittest individual: 0.00007706637166309941
Path length: 12975.82821689808
Fittest route: [25, 51, 11, 52, 14, 13, 12, 33, 43, 8, 10, 9, 19, 41, 18, 32, 46, 47, 26, 28, 27, 29, 42, 17, 2, 7, 30, 20, 23, 21, 3, 31, 38, 24, 48, 15, 44, 35, 1, 49, 45, 40, 36, 16, 22, 37, 5, 4, 6, 50, 34, 39]
------Generation 45 ------
Selection
Crossover
Mutation
Replacement
Fittest individual: 0.00007706637166309941
Path length: 12975.82821689808
Fittest route: [25, 51, 11, 52, 14, 13, 12, 33, 43, 8, 10, 9, 19, 41, 18, 32, 46, 47, 26, 28, 27, 29, 42, 17, 2, 7, 30, 20, 23, 21, 3, 31, 38, 24, 48, 15, 44, 35, 1, 49, 45, 40, 36, 16, 22, 37, 5, 4, 6, 50, 34, 39]
------Generation 46 ------
Selection
Crossover
Mutation
Replacement
Fittest individual: 0.00007749051655516125
Path length: 12904.804929105807
Fittest route: [25, 51, 11, 14, 52, 13, 12, 33, 43, 8, 10, 9, 19, 41, 18, 32, 39, 50, 27, 28, 26, 47, 29, 30, 2, 7, 42, 20, 21, 23, 3, 17, 31, 38, 48, 15, 44, 35, 40, 36, 16, 1, 49, 22, 37, 5, 4, 45, 34, 46, 6, 24]
------Generation 47 ------
Selection
Crossover
Mutation
Replacement
Fittest individual: 0.00007827666746693377
Path length: 12775.198949577505
Fittest route: [25, 51, 11, 52, 14, 13, 12, 33, 43, 8, 10, 9, 19, 41, 18, 32, 46, 27, 26, 28, 47, 29, 30, 20, 2, 7, 42, 17, 23, 3, 31, 21, 38, 24, 48, 15, 44, 35, 40, 36, 16, 1, 49, 22, 45, 37, 5, 4, 6, 50, 34, 39]
------Generation 48 ------
Selection
Crossover
Mutation
Replacement
Fittest individual: 0.00007987038032985445
Path length: 12520.285941673596
Fittest route: [25, 51, 11, 14, 52, 13, 12, 33, 43, 10, 9, 8, 19, 41, 18, 32, 34, 48, 39, 50, 27, 28, 26, 47, 29, 2, 7, 42, 20, 23, 31, 17, 21, 30, 3, 40, 36, 44, 35, 15, 38, 49, 45, 22, 1, 37, 5, 4, 6, 24, 16, 46]
------Generation 49 ------
Selection
Crossover
Mutation
Replacement
Fittest individual: 0.00008051970992604519
Path length: 12419.319455056017
Fittest route: [25, 51, 11, 14, 52, 13, 12, 33, 43, 8, 10, 9, 19, 41, 18, 32, 39, 50, 27, 28, 26, 47, 29, 21, 2, 7, 42, 30, 20, 23, 3, 17, 31, 38, 48, 15, 40, 36, 44, 16, 35, 1, 22, 49, 37, 5, 4, 45, 34, 46, 6, 24]
------Generation 50 ------
Selection
Crossover
Mutation
Replacement
Fittest individual: 0.00008103023842501012
Path length: 12341.071918793074
Fittest route: [25, 51, 11, 52, 14, 13, 12, 33, 43, 8, 10, 9, 19, 41, 18, 32, 23, 46, 27, 26, 28, 47, 29, 30, 20, 21, 2, 7, 42, 17, 3, 31, 38, 24, 48, 15, 44, 35, 40, 36, 16, 1, 49, 22, 45, 37, 5, 4, 6, 50, 34, 39]
------Generation 51 ------
Selection
Crossover
Mutation
Replacement
Fittest individual: 0.00008193640049091931
Path length: 12204.58787557828
Fittest route: [25, 51, 11, 52, 14, 13, 12, 33, 43, 10, 9, 8, 19, 41, 18, 32, 23, 47, 27, 26, 28, 29, 17, 21, 2, 7, 42, 30, 20, 3, 31, 48, 44, 35, 38, 24, 15, 40, 36, 1, 49, 22, 45, 37, 46, 16, 50, 34, 39, 5, 4, 6]
------Generation 52 ------
Selection
Crossover
Mutation
Replacement
Fittest individual: 0.00008344499179315418
Path length: 11983.942696990474
Fittest route: [25, 51, 11, 52, 14, 13, 12, 33, 43, 8, 10, 9, 19, 41, 18, 34, 39, 32, 28, 27, 26, 47, 29, 2, 7, 42, 30, 20, 23, 31, 17, 21, 3, 38, 48, 15, 24, 44, 35, 45, 40, 36, 1, 49, 22, 37, 50, 16, 46, 5, 4, 6]
------Generation 53 ------
Selection
Crossover
Mutation
Replacement
Fittest individual: 0.000085366687004994
Path length: 11714.171359859607
Fittest route: [25, 51, 11, 52, 14, 13, 12, 33, 43, 8, 10, 9, 19, 41, 18, 32, 34, 39, 28, 27, 26, 47, 29, 2, 7, 42, 30, 20, 23, 31, 17, 21, 3, 38, 48, 15, 24, 44, 35, 45, 40, 36, 1, 49, 22, 37, 50, 16, 46, 5, 4, 6]
------Generation 54 ------
Selection
Crossover
Mutation
Replacement
Fittest individual: 0.00008707881076264843
Path length: 11483.84998878441
Fittest route: [25, 51, 11, 52, 14, 13, 12, 33, 43, 10, 9, 8, 19, 41, 18, 32, 34, 39, 28, 27, 26, 47, 29, 2, 7, 42, 30, 20, 23, 31, 17, 21, 3, 38, 48, 15, 24, 44, 35, 45, 40, 36, 1, 49, 22, 37, 50, 16, 46, 5, 4, 6]
------Generation 55 ------
Selection
Crossover
Mutation
Replacement
Fittest individual: 0.00008848155507626819
Path length: 11301.790515978533
Fittest route: [25, 51, 11, 52, 14, 13, 12, 33, 43, 10, 9, 8, 19, 41, 18, 32, 34, 39, 28, 27, 26, 47, 29, 20, 21, 2, 7, 42, 30, 23, 31, 17, 3, 38, 48, 15, 24, 44, 35, 45, 40, 36, 1, 49, 22, 37, 50, 16, 46, 5, 4, 6]
------Generation 56 ------
Selection
Crossover
Mutation
Replacement
Fittest individual: 0.00008848155507626819
Path length: 11301.790515978533
Fittest route: [25, 51, 11, 52, 14, 13, 12, 33, 43, 10, 9, 8, 19, 41, 18, 32, 34, 39, 28, 27, 26, 47, 29, 20, 21, 2, 7, 42, 30, 23, 31, 17, 3, 38, 48, 15, 24, 44, 35, 45, 40, 36, 1, 49, 22, 37, 50, 16, 46, 5, 4, 6]
------Generation 57 ------
Selection
Crossover
Mutation
Replacement
Fittest individual: 0.00008848155507626819
Path length: 11301.790515978533
Fittest route: [25, 51, 11, 52, 14, 13, 12, 33, 43, 10, 9, 8, 19, 41, 18, 32, 34, 39, 28, 27, 26, 47, 29, 20, 21, 2, 7, 42, 30, 23, 31, 17, 3, 38, 48, 15, 24, 44, 35, 45, 40, 36, 1, 49, 22, 37, 50, 16, 46, 5, 4, 6]
------Generation 58 ------
Selection
Crossover
Mutation
Replacement
Fittest individual: 0.00008848155507626819
Path length: 11301.790515978533
Fittest route: [25, 51, 11, 52, 14, 13, 12, 33, 43, 10, 9, 8, 19, 41, 18, 32, 34, 39, 28, 27, 26, 47, 29, 20, 21, 2, 7, 42, 30, 23, 31, 17, 3, 38, 48, 15, 24, 44, 35, 45, 40, 36, 1, 49, 22, 37, 50, 16, 46, 5, 4, 6]
------Generation 59 ------
Selection
Crossover
Mutation
Replacement
Fittest individual: 0.00008848498331587995
Path length: 11301.352642291058
Fittest route: [25, 51, 11, 52, 14, 13, 12, 33, 43, 10, 9, 8, 19, 41, 18, 32, 34, 39, 28, 27, 26, 47, 29, 20, 21, 2, 7, 42, 30, 23, 31, 17, 3, 38, 48, 15, 24, 44, 35, 45, 40, 1, 49, 22, 36, 37, 50, 16, 46, 5, 4, 6]
------Generation 60 ------
Selection
Crossover
Mutation
Replacement
Fittest individual: 0.00009039038502987186
Path length: 11063.123579676356
Fittest route: [25, 51, 11, 52, 14, 13, 12, 33, 43, 10, 9, 8, 19, 41, 18, 32, 34, 39, 28, 27, 26, 47, 29, 20, 21, 2, 7, 42, 30, 23, 31, 17, 3, 38, 48, 15, 24, 44, 35, 40, 36, 49, 1, 22, 45, 37, 50, 16, 46, 5, 4, 6]
------Generation 61 ------
Selection
Crossover
Mutation
Replacement
Fittest individual: 0.00009039038502987186
Path length: 11063.123579676356
Fittest route: [25, 51, 11, 52, 14, 13, 12, 33, 43, 10, 9, 8, 19, 41, 18, 32, 34, 39, 28, 27, 26, 47, 29, 20, 21, 2, 7, 42, 30, 23, 31, 17, 3, 38, 48, 15, 24, 44, 35, 40, 36, 49, 1, 22, 45, 37, 50, 16, 46, 5, 4, 6]
------Generation 62 ------
Selection
Crossover
Mutation
Replacement
Fittest individual: 0.00009039038502987186
Path length: 11063.123579676356
Fittest route: [25, 51, 11, 52, 14, 13, 12, 33, 43, 10, 9, 8, 19, 41, 18, 32, 34, 39, 28, 27, 26, 47, 29, 20, 21, 2, 7, 42, 30, 23, 31, 17, 3, 38, 48, 15, 24, 44, 35, 40, 36, 49, 1, 22, 45, 37, 50, 16, 46, 5, 4, 6]
------Generation 63 ------
Selection
Crossover
Mutation
Replacement
Fittest individual: 0.00009039038502987186
Path length: 11063.123579676356
Fittest route: [25, 51, 11, 52, 14, 13, 12, 33, 43, 10, 9, 8, 19, 41, 18, 32, 34, 39, 28, 27, 26, 47, 29, 20, 21, 2, 7, 42, 30, 23, 31, 17, 3, 38, 48, 15, 24, 44, 35, 40, 36, 49, 1, 22, 45, 37, 50, 16, 46, 5, 4, 6]
------Generation 64 ------
Selection
Crossover
Mutation
Replacement
Fittest individual: 0.00009121895300364893
Path length: 10962.634047772925
Fittest route: [25, 51, 11, 52, 14, 13, 12, 33, 43, 10, 9, 8, 19, 41, 18, 32, 34, 39, 28, 27, 26, 47, 29, 20, 21, 2, 7, 42, 30, 23, 31, 17, 3, 38, 48, 15, 24, 44, 35, 36, 45, 22, 1, 49, 40, 37, 50, 16, 46, 5, 4, 6]
------Generation 65 ------
Selection
Crossover
Mutation
Replacement
Fittest individual: 0.00009258668037025003
Path length: 10800.68964564929
Fittest route: [25, 51, 11, 52, 14, 13, 12, 33, 43, 10, 9, 8, 19, 41, 18, 32, 34, 46, 28, 27, 26, 47, 29, 20, 21, 2, 7, 42, 30, 23, 31, 17, 3, 38, 24, 48, 15, 40, 35, 36, 44, 16, 50, 1, 22, 45, 37, 49, 39, 5, 4, 6]
------Generation 66 ------
Selection
Crossover
Mutation
Replacement
Fittest individual: 0.00009258668037025003
Path length: 10800.68964564929
Fittest route: [25, 51, 11, 52, 14, 13, 12, 33, 43, 10, 9, 8, 19, 41, 18, 32, 34, 46, 28, 27, 26, 47, 29, 20, 21, 2, 7, 42, 30, 23, 31, 17, 3, 38, 24, 48, 15, 40, 35, 36, 44, 16, 50, 1, 22, 45, 37, 49, 39, 5, 4, 6]
------Generation 67 ------
Selection
Crossover
Mutation
Replacement
Fittest individual: 0.00009258668037025003
Path length: 10800.68964564929
Fittest route: [25, 51, 11, 52, 14, 13, 12, 33, 43, 10, 9, 8, 19, 41, 18, 32, 34, 46, 28, 27, 26, 47, 29, 20, 21, 2, 7, 42, 30, 23, 31, 17, 3, 38, 24, 48, 15, 40, 35, 36, 44, 16, 50, 1, 22, 45, 37, 49, 39, 5, 4, 6]
------Generation 68 ------
Selection
Crossover
Mutation
Replacement
Fittest individual: 0.00009268513016213506
Path length: 10789.21719428661
Fittest route: [25, 51, 11, 52, 14, 13, 12, 33, 43, 10, 9, 8, 19, 41, 18, 32, 34, 46, 28, 27, 26, 47, 29, 20, 21, 2, 7, 42, 30, 23, 31, 17, 3, 38, 24, 48, 15, 40, 35, 36, 44, 1, 22, 45, 49, 50, 16, 37, 39, 5, 4, 6]
------Generation 69 ------
Selection
Crossover
Mutation
Replacement
Fittest individual: 0.0000939800408834864
Path length: 10640.557192774259
Fittest route: [25, 51, 11, 52, 14, 13, 12, 33, 43, 10, 9, 8, 19, 41, 18, 32, 34, 46, 28, 27, 26, 47, 29, 20, 21, 2, 7, 42, 30, 23, 31, 17, 3, 38, 24, 48, 15, 40, 35, 36, 44, 16, 50, 1, 22, 45, 49, 37, 39, 5, 4, 6]
------Generation 70 ------
Selection
Crossover
Mutation
Replacement
Fittest individual: 0.00009438111792280239
Path length: 10595.339640053162
Fittest route: [25, 51, 11, 52, 14, 13, 12, 33, 43, 10, 9, 8, 19, 41, 18, 32, 34, 46, 28, 27, 26, 47, 29, 20, 21, 2, 7, 42, 30, 23, 31, 17, 3, 38, 24, 48, 15, 40, 35, 36, 44, 16, 50, 1, 49, 22, 45, 39, 37, 5, 4, 6]
------Generation 71 ------
Selection
Crossover
Mutation
Replacement
Fittest individual: 0.00009438111792280239
Path length: 10595.339640053162
Fittest route: [25, 51, 11, 52, 14, 13, 12, 33, 43, 10, 9, 8, 19, 41, 18, 32, 34, 46, 28, 27, 26, 47, 29, 20, 21, 2, 7, 42, 30, 23, 31, 17, 3, 38, 24, 48, 15, 40, 35, 36, 44, 16, 50, 1, 49, 22, 45, 39, 37, 5, 4, 6]
------Generation 72 ------
Selection
Crossover
Mutation
Replacement
Fittest individual: 0.0000948656153870323
Path length: 10541.227144526545
Fittest route: [25, 51, 11, 52, 14, 13, 12, 33, 43, 10, 9, 8, 19, 41, 18, 32, 34, 46, 28, 27, 26, 47, 29, 20, 21, 2, 7, 42, 30, 23, 31, 17, 3, 38, 24, 48, 15, 40, 35, 36, 44, 16, 50, 1, 22, 49, 45, 39, 37, 5, 4, 6]
------Generation 73 ------
Selection
Crossover
Mutation
Replacement
Fittest individual: 0.0000948656153870323
Path length: 10541.227144526545
Fittest route: [25, 51, 11, 52, 14, 13, 12, 33, 43, 10, 9, 8, 19, 41, 18, 32, 34, 46, 28, 27, 26, 47, 29, 20, 21, 2, 7, 42, 30, 23, 31, 17, 3, 38, 24, 48, 15, 40, 35, 36, 44, 16, 50, 1, 22, 49, 45, 39, 37, 5, 4, 6]
------Generation 74 ------
Selection
Crossover
Mutation
Replacement
Fittest individual: 0.0000948656153870323
Path length: 10541.227144526545
Fittest route: [25, 51, 11, 52, 14, 13, 12, 33, 43, 10, 9, 8, 19, 41, 18, 32, 34, 46, 28, 27, 26, 47, 29, 20, 21, 2, 7, 42, 30, 23, 31, 17, 3, 38, 24, 48, 15, 40, 35, 36, 44, 16, 50, 1, 22, 49, 45, 39, 37, 5, 4, 6]
------Generation 75 ------
Selection
Crossover
Mutation
Replacement
Fittest individual: 0.0000948656153870323
Path length: 10541.227144526545
Fittest route: [25, 51, 11, 52, 14, 13, 12, 33, 43, 10, 9, 8, 19, 41, 18, 32, 34, 46, 28, 27, 26, 47, 29, 20, 21, 2, 7, 42, 30, 23, 31, 17, 3, 38, 24, 48, 15, 40, 35, 36, 44, 16, 50, 1, 22, 49, 45, 39, 37, 5, 4, 6]
------Generation 76 ------
Selection
Crossover
Mutation
Replacement
Fittest individual: 0.00009496391313285898
Path length: 10530.31585378072
Fittest route: [25, 51, 11, 52, 14, 13, 12, 33, 43, 10, 9, 8, 19, 41, 18, 32, 34, 46, 28, 27, 26, 47, 29, 20, 21, 2, 7, 42, 30, 23, 31, 17, 3, 38, 48, 24, 15, 40, 35, 36, 44, 16, 50, 1, 22, 49, 45, 39, 37, 5, 4, 6]
------Generation 77 ------
Selection
Crossover
Mutation
Replacement
Fittest individual: 0.00009496391313285898
Path length: 10530.31585378072
Fittest route: [25, 51, 11, 52, 14, 13, 12, 33, 43, 10, 9, 8, 19, 41, 18, 32, 34, 46, 28, 27, 26, 47, 29, 20, 21, 2, 7, 42, 30, 23, 31, 17, 3, 38, 48, 24, 15, 40, 35, 36, 44, 16, 50, 1, 22, 49, 45, 39, 37, 5, 4, 6]
------Generation 78 ------
Selection
Crossover
Mutation
Replacement
Fittest individual: 0.00009496391313285898
Path length: 10530.31585378072
Fittest route: [25, 51, 11, 52, 14, 13, 12, 33, 43, 10, 9, 8, 19, 41, 18, 32, 34, 46, 28, 27, 26, 47, 29, 20, 21, 2, 7, 42, 30, 23, 31, 17, 3, 38, 48, 24, 15, 40, 35, 36, 44, 16, 50, 1, 22, 49, 45, 39, 37, 5, 4, 6]
------Generation 79 ------
Selection
Crossover
Mutation
Replacement
Fittest individual: 0.00009496391313285898
Path length: 10530.31585378072
Fittest route: [25, 51, 11, 52, 14, 13, 12, 33, 43, 10, 9, 8, 19, 41, 18, 32, 34, 46, 28, 27, 26, 47, 29, 20, 21, 2, 7, 42, 30, 23, 31, 17, 3, 38, 48, 24, 15, 40, 35, 36, 44, 16, 50, 1, 22, 49, 45, 39, 37, 5, 4, 6]
------Generation 80 ------
Selection
Crossover
Mutation
Replacement
Fittest individual: 0.00009496391313285898
Path length: 10530.31585378072
Fittest route: [25, 51, 11, 52, 14, 13, 12, 33, 43, 10, 9, 8, 19, 41, 18, 32, 34, 46, 28, 27, 26, 47, 29, 20, 21, 2, 7, 42, 30, 23, 31, 17, 3, 38, 48, 24, 15, 40, 35, 36, 44, 16, 50, 1, 22, 49, 45, 39, 37, 5, 4, 6]
------Generation 81 ------
Selection
Crossover
Mutation
Replacement
Fittest individual: 0.00009496391313285898
Path length: 10530.31585378072
Fittest route: [25, 51, 11, 52, 14, 13, 12, 33, 43, 10, 9, 8, 19, 41, 18, 32, 34, 46, 28, 27, 26, 47, 29, 20, 21, 2, 7, 42, 30, 23, 31, 17, 3, 38, 48, 24, 15, 40, 35, 36, 44, 16, 50, 1, 22, 49, 45, 39, 37, 5, 4, 6]
------Generation 82 ------
Selection
Crossover
Mutation
Replacement
Fittest individual: 0.00009496391313285898
Path length: 10530.31585378072
Fittest route: [25, 51, 11, 52, 14, 13, 12, 33, 43, 10, 9, 8, 19, 41, 18, 32, 34, 46, 28, 27, 26, 47, 29, 20, 21, 2, 7, 42, 30, 23, 31, 17, 3, 38, 48, 24, 15, 40, 35, 36, 44, 16, 50, 1, 22, 49, 45, 39, 37, 5, 4, 6]
------Generation 83 ------
Selection
Crossover
Mutation
Replacement
Fittest individual: 0.00009496391313285898
Path length: 10530.31585378072
Fittest route: [25, 51, 11, 52, 14, 13, 12, 33, 43, 10, 9, 8, 19, 41, 18, 32, 34, 46, 28, 27, 26, 47, 29, 20, 21, 2, 7, 42, 30, 23, 31, 17, 3, 38, 48, 24, 15, 40, 35, 36, 44, 16, 50, 1, 22, 49, 45, 39, 37, 5, 4, 6]
------Generation 84 ------
Selection
Crossover
Mutation
Replacement
Fittest individual: 0.00009496391313285898
Path length: 10530.31585378072
Fittest route: [25, 51, 11, 52, 14, 13, 12, 33, 43, 10, 9, 8, 19, 41, 18, 32, 34, 46, 28, 27, 26, 47, 29, 20, 21, 2, 7, 42, 30, 23, 31, 17, 3, 38, 48, 24, 15, 40, 35, 36, 44, 16, 50, 1, 22, 49, 45, 39, 37, 5, 4, 6]
------Generation 85 ------
Selection
Crossover
Mutation
Replacement
Fittest individual: 0.00009496391313285898
Path length: 10530.31585378072
Fittest route: [25, 51, 11, 52, 14, 13, 12, 33, 43, 10, 9, 8, 19, 41, 18, 32, 34, 46, 28, 27, 26, 47, 29, 20, 21, 2, 7, 42, 30, 23, 31, 17, 3, 38, 48, 24, 15, 40, 35, 36, 44, 16, 50, 1, 22, 49, 45, 39, 37, 5, 4, 6]
------Generation 86 ------
Selection
Crossover
Mutation
Replacement
Fittest individual: 0.00009496391313285898
Path length: 10530.31585378072
Fittest route: [25, 51, 11, 52, 14, 13, 12, 33, 43, 10, 9, 8, 19, 41, 18, 32, 34, 46, 28, 27, 26, 47, 29, 20, 21, 2, 7, 42, 30, 23, 31, 17, 3, 38, 48, 24, 15, 40, 35, 36, 44, 16, 50, 1, 22, 49, 45, 39, 37, 5, 4, 6]
No better fitness score for a long time. Terminating genetic algorithm.
Best path found: [25, 51, 11, 52, 14, 13, 12, 33, 43, 10, 9, 8, 19, 41, 18, 32, 34, 46, 28, 27, 26, 47, 29, 20, 21, 2, 7, 42, 30, 23, 31, 17, 3, 38, 48, 24, 15, 40, 35, 36, 44, 16, 50, 1, 22, 49, 45, 39, 37, 5, 4, 6]
Distance: 10530.31585378072
After two opt search: [25, 46, 44, 1, 22, 31, 18, 3, 17, 21, 42, 7, 2, 30, 23, 20, 50, 16, 29, 47, 26, 28, 27, 13, 14, 52, 11, 12, 51, 33, 43, 10, 9, 8, 41, 19, 45, 32, 49, 36, 35, 34, 39, 40, 37, 38, 48, 24, 5, 15, 6, 4]
Distance: 7887.226819194571
